0,0,0,r
-1,2,-1,b
-2,1,1,r
2,0,-2,b
1,2,-3,r
0,-2,2,b
-1,-2,3,r
-2,0,2,b
-3,3,0,r
-1,4,-3,b
1,3,-4,r
3,1,-4,b
2,1,-3,r
0,1,-1,b
0,-1,1,r
3,-3,0,b
4,-3,-1,r
3,-2,-1,b
1,-1,0,r
-4,5,-1,b
-5,2,3,r
-4,0,4,b
-1,-3,4,r
-2,-3,5,b
-5,3,2,r
1,4,-5,b
0,5,-5,r
3,2,-5,b
5,0,-5,r
4,-1,-3,b
5,-2,-3,r
5,-3,-2,b
5,-5,0,r
3,-4,1,b
2,-4,2,r
1,-2,1,b
0,-3,3,r
-1,1,0,b
-5,4,1,r
-3,4,-1,b
-4,4,0,r
-2,3,-1,b
-4,3,1,r
0,2,-2,b
0,4,-4,r
2,3,-5,b
2,-5,3,r
0,-5,5,b
-1,-4,5,r
-2,-2,4,b
-3,-1,4,r
-4,-1,5,b
-3,-2,5,r
-2,-1,3,b
-1,-1,2,r
-3,0,3,b
-3,1,2,r
-5,0,5,b
1,0,-1,r
-1,3,-2,b
-3,5,-2,r
2,2,-4,b
5,-1,-4,r
4,1,-5,b
4,0,-4,r
5,-4,-1,b
4,-5,1,r
1,-5,4,b
0,-4,4,r
-3,2,1,b
-5,5,0,r
-1,5,-4,b
0,3,-3,r
1,-3,2,b
2,-3,1,r
3,-5,2,b
3,-1,-2,r
-4,2,2,b
-5,1,4,r
0,0,0,r
0,2,-2,b
-3,2,1,r
-1,-3,4,b
3,-4,1,r
3,-1,-2,b
3,2,-5,r
-3,3,0,b
-5,5,0,r
0,1,-1,r
0,0,0,b
3,-2,-1,r
1,-2,1,b
-2,-1,3,r
-2,2,0,b
