-0.14942616
0.008282614
0.74296796
0.12733528
-0.012287913
-0.08747861
-1.242389
0.11672567
0.07830228
-0.00371711
0.443065
-0.0053949635
0.27467114
0.1657217
0.08847159
0.4766959
0.031211326
-0.078438655
-0.17919281
0.09988813
-0.009557114
0.23021689
0.5914771
-0.1449705
-0.12134574
0.08116158
0.17196846
0.04145097
0.108362034
0.2471711
0.3396061
0.07663189
0.13227029
8.3706656E-4
-0.19082607
0.15468468
-0.17996469
-1.8783263E-4
0.072598554
0.067629404
0.35361776
-0.08085482
0.034864735
-0.40561795
0.15747923
-0.0035114354
-0.08470772
0.11830153
-0.10317827
-0.07938801
0.31628832
0.20292117
0.47070783
-0.028037349
-0.10702741
0.18101388
-0.074648134
2.8994887
-0.12262796
0.023942364
-0.47944838
-0.036336128
0.06722562
0.054876707
-0.08532055
0.02185394
-0.11706695
-0.0529212
0.018607555
0.2956303
-0.1003758
0.39013785
-0.12215337
0.019139439
-0.019351289
-0.12371731
0.0055781566
-0.021766836
0.024618933
-0.28921488
-0.015598243
0.19478749
-0.03813901
-0.04425384
-0.08563443
0.3035076
0.11405996
0.05059335
-0.0077634878
-0.20719317
0.4532065
-0.013221205
0.0031422605
-0.13129945
0.003645609
0.015835006
0.16374338
-0.10504868
0.046742555
0.10952789
0.14648007
0.17787735
-0.0018172266
-0.1873271
-0.011841672
0.18165326
0.1699211
0.14145444
-0.047105145
-0.3026975
0.70513964
0.18088189
0.010652565
0.56962353
-0.020135159
0.056417942
0.22956865
-0.059970576
-0.027693745
-0.057152323
0.20561321
-0.055934694
-0.032553174
-0.029462649
-0.048848644
0.035857756
0.050479434
0.11627265
0.38471907
0.012050385
0.12866765
-0.008524178
0.16989222
0.048171733
0.2716747
-0.023433536
-0.1568155
0.08726172
0.2025019
0.010625581
-0.1714855
-0.26142383
-0.17848554
0.07569019
0.14711618
-0.08654894
0.4314136
0.9111166
0.012019168
-0.05037935
-0.13394646
-0.18484037
0.056160077
0.2594918
0.6382993
0.09843145
0.32956222
0.24460632
0.13678193
0.08570599
0.10113696
0.04567857
-0.038229853
0.049821246
0.21841897
-0.044321164
0.105297886
-0.18810403
0.2254938
0.08759884
0.08806775
-0.19677238
0.1998739
0.21394259
0.35590944
-0.11127924
-0.07514395
-0.09120655
-0.07418568
-0.024288869
0.042381965
0.29635054

