0.75524664
1.0134801
0.9304872
0.9459137
0.81872207
0.5915285
0.9187644
0.4343297
0.8067977
0.5482405
0.69066674
0.71755403
0.9604754
0.9459673
0.86548156
-0.4499708
-0.08476274
0.03405008
-0.2873743
0.6609308
0.5205048
0.45824987
0.5428
-0.20665835
-1.5162889
-1.7052796
-1.0612973
-0.15890822
0.5018971
0.5942129
1.0162977
0.80906993
-0.114121236
-1.8822048
-1.0109121
-1.4990386
-1.6670384
-0.15015224
0.5709579
0.8568192
0.79164344
0.58469915
-0.54236805
-1.2740052
-1.1511074
-1.384863
-1.349641
-1.1023197
-0.5408001
0.75767124
0.640897
1.127523
0.72609884
-0.054838933
-1.7043676
-0.89749974
-1.1646347
-1.3317146
-0.14053787
0.67062324
0.8804896
0.8878203
0.7051898
0.10937481
-1.5099266
-1.7338452
-1.7456378
0.15957475
0.55809015
0.6965734
0.71275955
0.66735816
-0.3048584
-0.2786538
0.15622471
-0.5331094
0.7207155
0.76554495
0.7812406
0.5872069
0.6192529
0.6224865
0.49887034
0.6449503
1.0190752
0.72064817
0.99964523
0.8300478
0.6932279
0.94466823
1.0431587

