-0.90290135
0.6783118
-0.8295566
-0.5589952
-0.4973714
-0.16695184
-1.4844892
-0.35458526
-0.18554255
-2.329428
-1.1472439
-0.0684915
-0.68910086
-1.2002758
0.16873012
-0.5231678
-0.24008223
-0.74309283
-0.5369594
-2.387682
-0.5224247
-2.060855
-0.53228337
-0.27204266
-8.400902
-1.6956099
-0.11536059
0.38446164
-1.2628953
-2.7508423
-2.4162588
1.6169434
-0.5581581
-1.4091309
-1.2702925
-0.70662457
-0.43058017
-1.1707973
1.201332
0.6850645
0.1763581
-0.65125924
-2.150059
-0.25342113
-1.8282164
-0.39265037
-1.6202601
1.0850905
-0.36095846
-1.3062109
-1.5536178
-0.7488508
-1.3265063
-2.0059185
-3.3376524
-0.9570382
-0.33136603
-0.086410016
-0.35485092
-0.60450774
-0.6778737
-0.8944322
-0.29107392
-1.0492847
0.3198695
-2.270932
0.09320093
-0.5386957
-0.4209896
1.56636
0.045870993
-0.68936265
-0.12524909
-0.32671857
-0.44931778
-0.53316027
-0.9571301
-0.7370917
-0.6173159
-1.084211
-0.21976604
0.54710853
-0.09078861
-1.0765183
-0.4737939
-0.22332923
-2.3090856
-0.3998034
-0.3991605
-0.86949414
-1.9097803
0.17843556
-0.24308175
-2.9558628
-1.1475899
-0.087450236
-0.80334723
0.45106298
-0.8281193
-0.73910046
-0.40085378
-0.9880463
-0.64773685
-1.2790459
-0.02170735
-0.49342486
0.1035147
-3.5234194
-0.15232581
0.013251135
0.062303167
-0.69173175
-0.3880893
-0.15928349
-1.1897583
-0.53127724
-0.495059
-0.71013844
-0.6235955
-0.033890136
-4.8252215
0.8181145
-2.310274
-1.1161789
0.124032825
-0.37278894
-0.5349688
-0.36492845
-0.37854555
-1.3284532
-1.3554211
-0.15834272
-0.40119663
-2.2339764
-3.1945026
-0.34952515
-0.59567344
-0.40032828
-0.4645211
-0.5729675
-0.76783895
0.034426376
-1.36686
-0.3999925
-0.87060374
0.13600567
0.2243711
-0.015215408
-2.443018
-1.5041945
-0.06490126
-1.1163791
-0.42731932
-1.3457855
-1.6105727
-0.8200669
0.10673592
1.118366
-2.159038
-3.0407422
-0.9874695
-0.6123874
-2.1734805
-0.05086353
-1.3859104
-0.06216892
0.32404572
-1.3804224
-0.3441574
-1.5067723
0.89848304
-0.03288726
-0.9826889
-0.84311026
-0.18551382
-0.6158368
0.13902192
-0.5558284
-1.901893
-2.7877374
-1.2847353
-1.3204006

