-0.78303957
1.6055608
0.016428836
-1.193938
-0.09357567
-2.2279866
0.27240977
1.0516101
0.90286535
-1.437964
1.2660613
0.6760994
0.40507716
0.69956094
1.1275411
-0.2469809
0.14523126
-0.93893653
0.002113189
0.033889983
-0.34089297
-0.33661935
-0.029363504
-1.1892642
-0.29370937
0.64625
0.62112427
0.5762036
0.0067318687
0.6724613
0.27275696
-0.18707922
0.9317751
0.419406
-0.45814127
-0.62770593
-0.08627699
0.91862106
0.035131134
1.9579544
-1.1671153
0.4456431
-0.27152124
0.1720185
-0.27750564
-0.76671356
-0.37202552
2.8186731
-0.18151262
-0.1766893
0.2107904
0.53049946
3.0643377
0.07847137
0.027995244
-0.5946667
-0.0388035
1.2768284
-0.3972973
-0.096556254
-0.016099041
-6.060061
-1.2523876
1.5636151
-7.580577
-1.1949614
1.7069861
0.75732565
-0.40223935
0.28549546
-0.23747881
1.5762776
-0.24821328
1.5767431
-0.15955763
0.22284758
-0.5612207
-0.6427419
0.009519642
-0.395959
-0.76786447
0.27429032
-0.94693786
-0.33717036
-0.16291219
-9.431763
-0.85141885
1.4730753
0.3577391
0.48545843
0.17321663
2.4505036
-0.048552327
0.23084705
1.2502126
-0.11395594
-0.39833382
-0.7176383
-0.7276069
-0.01860722
-0.4735351
-0.18818602
0.17889512
-0.39283612
-0.120026015
-0.70009506
-0.39409706
0.5136029
0.22679442
-0.35246947
-0.20527188
-2.5379107
-0.8363882
0.27234083
-0.80909556
-3.071742
-0.46515918
-4.0556355
0.04181913
0.27678695
0.19882827
-1.8336177
0.29056028
-0.5259933
-0.4147609
-0.3419485
-0.60330945
0.18330029
0.71771616
0.0028732975
-0.8863534
0.485591
0.26254955
-0.21317223
-0.25462624
-0.058681477
-0.3337742
0.61423075
-0.2459709
0.1410589
-0.5522861
-0.2414921
0.44832015
-1.2035418
-0.12901822
-0.093523525
1.5247563
-0.532875
-0.8243936
0.17247936
0.04943596
-0.6267355
0.0670077
-0.62470573
-0.018835064
0.5919632
0.78848284
-0.76872325
-0.022610283
-0.5979124
0.109106354
-0.54645514
1.3629996
0.6098383
-0.27754286
-0.78843665
-0.6042948
-0.18689989
-1.4338143
0.13559186
-4.0420585
0.6789556
-0.28408682
-0.8371548
1.2031738
0.3119341
-0.29852778
-1.477488
0.6320009
-0.15830027
2.1642027
-0.8362845

